530 265 390 425 167 450 454 315 275 202 286 215 249 457 
355 227 297 309 129 308 291 231 201 164 156 202 193 343 
280 192 218 292 131 267 290 203 199 173 147 150 250 257 
355 283 301 440 253 387 391 302 275 250 235 279 270 375 
471 332 367 476 242 456 442 351 297 267 244 267 317 464 
371 379 281 413 176 343 344 249 199 200 140 231 281 353 
521 258 368 397 250 417 425 242 289 224 295 318 258 430 
405 229 317 379 147 369 389 255 230 199 240 187 225 319 
467 354 332 452 205 427 470 298 248 231 261 232 315 384 
452 253 304 350 171 386 416 216 215 173 264 206 229 360 
443 371 391 472 246 430 453 354 298 241 279 285 313 441 
329 215 291 363 192 353 326 274 230 182 213 197 197 334 
399 313 375 400 207 374 362 269 266 171 245 288 236 406 
542 282 398 460 228 472 510 273 305 272 299 291 326 454 
