Размер Элементов Операций Чтение(мс) Умножение(мс) Запись(мс) Всего(мс)        
10      100         1000        1           0             1           2                         
11      121         1331        21          0             1           22        
12      144         1728        23          0             1           24        
13      169         2197        16          0             1           17        
14      196         2744        33          0             1           34  
200     40000       8000000     174         152           113         439       
400     160000      64000000    509         984           492         1985      
800     640000      512000000   1910        8225          2076        12211     
1200    1440000     1728000000  4205        30225         6587        41017     
1600    2560000     -198967296  8752        75569         9591        93912     
2000    4000000     -589934592  13413       147981        15767       177161    
